term beta HR CI wald.test HR.pvalue
1 stageii 1.01587244451488 2.76177183930008 0.635410098470738-12.0038754667388 1.3550643287139 0.175397062485938
2 stageiii 1.66435154582237 5.28224684391402 1.23629113231786-22.5692241824361 2.24623947305361 0.0246886731388811
3 stageiv 2.79134667145708 16.3029597560871 3.85338754211852-68.9747641272723 3.79295728808667 0.000148863769451705
1100 age 0.0061 1  (0.988-1.02) 0.43 0.513
219 gender -0.092 0.91  (0.567-1.47) 0.14 0.704
3100 venous.invasion 1 2.8  (1.63-4.7) 14.1 0.00017
4 preoperative.CEA 0.00089 1  (1-1) 6.52 0.0107
5 perineural.invasion 0.67 2  (0.899-4.29) 2.86 0.0906
6 lymphatic.invasion 0.63 1.9  (1.12-3.18) 5.62 0.0177
7 TPTEP1 0.32 1.4  (1.11-1.72) 8.23 0.00411
8 CYB561D2 -0.032 0.97  (0.925-1.01) 1.92 0.166
9 DLEU2L -0.51 0.6  (0.134-2.67) 0.45 0.501
10 PINK1.AS -0.27 0.77  (0.533-1.1) 2.07 0.151
11 C10orf95 0.15 1.2  (0.924-1.47) 1.67 0.197
12 MMP24.AS1 -0.015 0.98  (0.953-1.02) 0.83 0.363
13 RGS5 0.0014 1  (0.981-1.02) 0.02 0.895
14 LINC00525 0.14 1.2  (0.814-1.63) 0.63 0.427
15 PART1 -0.4 0.67  (0.299-1.51) 0.93 0.335
16 LINC00467 -0.013 0.99  (0.775-1.26) 0.01 0.914
17 LINC01116 0.1 1.1  (0.958-1.29) 1.92 0.166
18 C10orf25 0.2 1.2  (0.599-2.52) 0.31 0.576
19 ZNF667.AS1 0.23 1.3  (0.728-2.18) 0.68 0.409
20 LINC00483 0.04 1  (0.943-1.15) 0.62 0.43
21 TPT1.AS1 0.0079 1  (0.834-1.22) 0.01 0.934
22 CCDC13.AS1 -0.21 0.81  (0.0793-8.22) 0.03 0.857
23 C20orf166.AS1 0.16 1.2  (0.563-2.43) 0.18 0.675
24 TMEM51.AS1 0.83 2.3  (1.17-4.49) 5.86 0.0155
25 LINC00476 0.35 1.4  (0.779-2.6) 1.31 0.252
26 TYMSOS -0.041 0.96  (0.817-1.13) 0.25 0.615
27 LINC00982 0.37 1.4  (0.389-5.4) 0.31 0.58
28 C8orf31 0.36 1.4  (0.914-2.25) 2.47 0.116
29 DLGAP1.AS1 -0.049 0.95  (0.826-1.1) 0.47 0.495
30 ZFAS1 -0.00035 1  (0.994-1) 0.02 0.896
31 CASC2 -0.77 0.46  (0.0617-3.47) 0.56 0.453
32 ADORA2A.AS1 -0.46 0.63  (0.0496-8.11) 0.12 0.726
33 LINC00324 -0.098 0.91  (0.663-1.24) 0.38 0.537
34 LINC00174 0.44 1.6  (1.21-2.01) 11.8 0.000603
35 EIF3J.AS1 0.39 1.5  (1.15-1.9) 9.22 0.00239
36 FLJ37453 0.48 1.6  (1.15-2.27) 7.6 0.00584
37 PCBP1.AS1 -0.088 0.92  (0.525-1.6) 0.1 0.756
38 C10orf91 0.064 1.1  (0.915-1.24) 0.67 0.412
39 ACTA2.AS1 0.01 1  (0.791-1.29) 0.01 0.936
40 LINC00304 0.29 1.3  (0.000684-2590) 0.01 0.941
41 WDFY3.AS2 -0.16 0.85  (0.131-5.57) 0.03 0.868
42 CELF2.AS1 -0.34 0.71  (0.314-1.62) 0.65 0.42
43 OGFRP1 -0.18 0.83  (0.482-1.44) 0.43 0.514
44 TP53TG1 0.0098 1  (0.973-1.05) 0.27 0.603
45 SPACA6P 0.2 1.2  (0.869-1.7) 1.3 0.253
46 C17orf77 -0.034 0.97  (0.849-1.1) 0.26 0.612
47 WT1.AS 1.5 4.4  (0.647-30.5) 2.3 0.129
48 LINC00482 0.16 1.2  (0.925-1.5) 1.76 0.184
49 LINC00839 0.89 2.4  (1.38-4.28) 9.52 0.00203
50 MATN1.AS1 0.25 1.3  (0.571-2.87) 0.36 0.548
51 TCL6 0.62 1.9  (1.25-2.78) 9.29 0.0023
52 HNRNPU.AS1 0.0023 1  (0.915-1.1) 0 0.961
53 PP7080 -0.011 0.99  (0.966-1.01) 0.76 0.382
54 C22orf34 0.77 2.2  (1.1-4.26) 5.01 0.0252
55 LINC00319 34 5.4e+14  (484-6.06e+26) 5.74 0.0165
56 LINC00910 0.098 1.1  (0.464-2.63) 0.05 0.824
57 PAX8.AS1 0.04 1  (0.936-1.16) 0.53 0.465
58 SPATA41 -0.071 0.93  (0.045-19.3) 0 0.964
59 COLCA1 0.0088 1  (0.941-1.08) 0.06 0.805
60 C9orf163 -0.0089 0.99  (0.414-2.38) 0 0.984
61 LINC00176 -0.011 0.99  (0.851-1.15) 0.02 0.892
62 LINC00238 -0.025 0.98  (0.806-1.18) 0.07 0.795
63 LINC00173 0.19 1.2  (0.739-1.98) 0.57 0.449
64 SNHG17 0.025 1  (1-1.05) 4.53 0.0333
65 CTBP1.AS2 -0.21 0.81  (0.55-1.2) 1.06 0.303
66 NPSR1.AS1 0.11 1.1  (0.675-1.83) 0.17 0.677
67 MIRLET7BHG -0.11 0.89  (0.591-1.34) 0.3 0.584
68 RAMP2.AS1 0.7 2  (1.17-3.47) 6.4 0.0114
69 SNX29P2 5.1 160  (3.16-8400) 6.41 0.0114
70 MLLT4.AS1 0.32 1.4  (0.996-1.91) 3.75 0.0528
71 FLVCR1.AS1 0.12 1.1  (0.73-1.74) 0.29 0.588
72 C20orf203 4.5 94  (0.0499-179000) 1.4 0.238
73 C3orf35 -0.2 0.82  (0.297-2.24) 0.16 0.692
74 SSBP3.AS1 -0.12 0.89  (0.466-1.7) 0.12 0.725
75 MUC2 -0.00046 1  (0.998-1) 0.44 0.507
76 PDCD4.AS1 0.14 1.2  (0.866-1.53) 0.94 0.333
77 SERTAD4.AS1 -0.074 0.93  (0.694-1.24) 0.25 0.62
78 BVES.AS1 1.2 3.2  (0.0411-248) 0.27 0.601
79 ATP1A1.AS1 -0.34 0.71  (0.452-1.13) 2.09 0.148
80 ADD3.AS1 0.32 1.4  (0.576-3.3) 0.52 0.47
81 LINC00632 3.3 28  (5.57-137) 16.5 4.86e-05
82 LINC01270 -0.07 0.93  (0.181-4.81) 0.01 0.933
83 LINC00963 0.13 1.1  (0.958-1.35) 2.15 0.142
84 PSMB8.AS1 -1e-04 1  (0.911-1.1) 0 0.998
85 LINC01420 0.03 1  (1-1.06) 4.4 0.036
86 TNRC6C.AS1 0.25 1.3  (1.08-1.51) 8.46 0.00364
87 PSORS1C3 0.074 1.1  (0.975-1.19) 2.13 0.145
88 ZNRD1.AS1 0.0022 1  (0.478-2.1) 0 0.995
89 STARD7.AS1 0.31 1.4  (0.917-2.03) 2.35 0.125
90 MAMDC2.AS1 -0.5 0.6  (0.0307-11.9) 0.11 0.74
91 FAM201A 0.088 1.1  (0.808-1.48) 0.33 0.565
92 ATP6V0E2.AS1 0.98 2.7  (0.927-7.65) 3.31 0.069
93 LINC00654 0.041 1  (0.893-1.21) 0.27 0.605
94 LOH12CR2 0.68 2  (0.625-6.18) 1.34 0.248
95 C1RL.AS1 0.042 1  (0.858-1.27) 0.18 0.673
96 SRRM2.AS1 0.77 2.2  (0.289-16.1) 0.56 0.454
97 HCP5 -0.011 0.99  (0.969-1.01) 1.2 0.274
98 THUMPD3.AS1 0.037 1  (0.914-1.18) 0.33 0.568
99 LINC01089 0.19 1.2  (0.989-1.47) 3.44 0.0637
100 C1orf220 0.46 1.6  (0.764-3.3) 1.54 0.215
101 FIRRE 0.19 1.2  (0.951-1.53) 2.39 0.122
102 LIPE.AS1 0.39 1.5  (0.852-2.55) 1.93 0.165
103 LINC00998 0.032 1  (0.99-1.08) 2.19 0.139
104 APTR 0.18 1.2  (1.07-1.34) 9.93 0.00163
105 VAC14.AS1 -0.46 0.63  (0.216-1.84) 0.71 0.4
106 KANSL1.AS1 -0.013 0.99  (0.883-1.1) 0.05 0.826
107 MEG3 0.03 1  (0.898-1.18) 0.18 0.669
108 POLR2J4 0.94 2.6  (1.38-4.73) 8.88 0.00288
109 HLA.F.AS1 0.21 1.2  (0.816-1.87) 1 0.318
110 DHRS4.AS1 -0.02 0.98  (0.909-1.06) 0.27 0.6
111 MIR17HG -0.05 0.95  (0.806-1.12) 0.35 0.555
112 MCM3AP.AS1 0.081 1.1  (0.765-1.54) 0.21 0.648
113 LINC01356 0.59 1.8  (1.14-2.83) 6.46 0.011
114 LINC00955 0.74 2.1  (0.639-6.92) 1.49 0.222
115 PP14571 0.57 1.8  (1.15-2.69) 6.83 0.00896
116 LINC00339 -0.016 0.98  (0.903-1.07) 0.13 0.722
117 FLJ35934 -0.032 0.97  (0.0726-12.9) 0 0.981
118 PPP3CB.AS1 0.047 1  (0.746-1.47) 0.07 0.786
119 MEG9 1.8 6.2  (0.137-281) 0.88 0.348
120 LINC00473 -0.24 0.79  (0.107-5.84) 0.05 0.817
121 NUTM2A.AS1 0.087 1.1  (0.833-1.43) 0.4 0.526
122 LINC00630 0.027 1  (0.609-1.73) 0.01 0.919
123 TINCR 0.12 1.1  (0.881-1.44) 0.91 0.341
124 ENTPD3.AS1 -0.095 0.91  (0.484-1.71) 0.09 0.768
125 IL10RB.AS1 1 2.7  (0.708-10.4) 2.12 0.145
126 LINC01342 0.14 1.2  (0.789-1.68) 0.54 0.463
127 OSER1.AS1 0.02 1  (0.966-1.08) 0.53 0.468
128 FLJ37035 3 20  (0.528-768) 2.61 0.106
129 EPB41L4A.AS1 -0.0068 0.99  (0.928-1.06) 0.04 0.843
130 CCNT2.AS1 0.59 1.8  (0.839-3.86) 2.27 0.132
131 LINC01057 -0.085 0.92  (0.718-1.17) 0.46 0.5
132 DNAJC27.AS1 0.045 1  (0.049-22.3) 0 0.977
133 C5orf66 -0.17 0.84  (0.259-2.73) 0.08 0.772
134 HAGLR 0.045 1  (0.975-1.12) 1.59 0.208
135 LINC00403 -0.19 0.83  (0.529-1.29) 0.71 0.4
136 LINC01133 0.02 1  (0.993-1.05) 2.03 0.154
137 SLC25A5.AS1 -0.51 0.6  (0.24-1.52) 1.15 0.283
138 AC017104.6 0.99 2.7  (0.942-7.64) 3.42 0.0646
139 LINC01272 0.02 1  (0.861-1.21) 0.05 0.816
140 RP11.503C24.6 -0.11 0.9  (0.532-1.51) 0.17 0.679
141 ZMIZ1.AS1 0.65 1.9  (0.615-6.01) 1.26 0.261
142 SH3BP5.AS1 -0.013 0.99  (0.733-1.33) 0.01 0.934
143 LAMTOR5.AS1 -1.7 0.19  (0.0052-6.65) 0.85 0.357
144 TEX26.AS1 -2.1 0.12  (0.000174-84.2) 0.4 0.527
145 TMEM72.AS1 0.94 2.6  (0.000264-24800) 0.04 0.841
146 LINC00240 -1.4 0.24  (0.00289-19.7) 0.4 0.525
147 RP11.82L18.2 0.099 1.1  (0.965-1.26) 2.09 0.148
148 PGM5.AS1 -0.14 0.87  (0.575-1.3) 0.47 0.491
149 INE1 0.017 1  (0.901-1.15) 0.08 0.783
150 LINC00092 0.92 2.5  (0.229-27.4) 0.57 0.452
151 TAF1A.AS1 0.13 1.1  (0.675-1.92) 0.23 0.628
152 RP11.539I5.1 0.013 1  (0.668-1.54) 0 0.95
153 LHFPL3.AS2 0.021 1  (0.942-1.11) 0.26 0.607
154 XXbac.B476C20.9 -0.62 0.54  (0.256-1.12) 2.72 0.0989
155 PPP1R26.AS1 0.23 1.3  (0.973-1.62) 3.07 0.0796
156 SFTA1P 1 2.8  (1.52-5.03) 11 0.000897
157 BOLA3.AS1 0.29 1.3  (1-1.77) 3.95 0.047
158 RFPL1S -0.51 0.6  (9.83e-06-36800) 0.01 0.928
159 JPX 0.022 1  (0.912-1.14) 0.14 0.71
160 LINC00475 1.2 3.3  (0.0265-421) 0.24 0.625
161 CADM3.AS1 0.57 1.8  (0.258-12) 0.34 0.562
162 FGD5.AS1 -0.027 0.97  (0.946-1) 3.32 0.0685
163 PLAC4 -0.36 0.7  (0.33-1.47) 0.9 0.344
164 DBH.AS1 0.29 1.3  (0.937-1.89) 2.55 0.11
165 MIAT 0.032 1  (0.85-1.25) 0.1 0.747
166 TRAM2.AS1 -0.032 0.97  (0.78-1.2) 0.08 0.772
167 RUSC1.AS1 0.015 1  (0.905-1.14) 0.06 0.803
168 LINC00115 0.51 1.7  (1.01-2.71) 4.05 0.0442
169 SATB2.AS1 -0.017 0.98  (0.909-1.06) 0.17 0.682
170 UBXN10.AS1 -0.11 0.9  (0.694-1.17) 0.63 0.426
171 ZNF503.AS1 0.049 1.1  (0.932-1.18) 0.66 0.418
172 LINC00937 -0.75 0.47  (0.00731-30.2) 0.13 0.722
173 BAIAP2.AS1 -0.0096 0.99  (0.894-1.1) 0.03 0.854
174 LINC00685 0.078 1.1  (0.931-1.25) 1.04 0.307
175 TMEM191A -0.024 0.98  (0.849-1.12) 0.11 0.741
176 CFLAR.AS1 -0.2 0.82  (0.516-1.31) 0.69 0.407
177 NUP50.AS1 -0.022 0.98  (0.854-1.12) 0.1 0.753
178 RP11.157P1.4 0.063 1.1  (0.959-1.18) 1.39 0.239
179 HAGLROS -0.0089 0.99  (0.82-1.2) 0.01 0.927
180 SLC16A1.AS1 0.25 1.3  (0.729-2.27) 0.75 0.385
181 CTA.292E10.6 0.095 1.1  (0.478-2.53) 0.05 0.823
182 PLCG1.AS1 -0.31 0.73  (0.286-1.87) 0.43 0.511
183 TEX41 0.82 2.3  (0.1-51.7) 0.27 0.606
184 ENTPD1.AS1 -1 0.35  (0.0333-3.74) 0.75 0.387
185 PSMD5.AS1 0.16 1.2  (1.01-1.37) 4.24 0.0394
186 KIAA0125 0.61 1.8  (1.11-3.03) 5.62 0.0178
187 LINC01359 -0.43 0.65  (0.176-2.42) 0.41 0.523
188 DANCR -0.022 0.98  (0.957-0.999) 4.1 0.0429
189 SLC8A1.AS1 -2 0.14  (0.000643-30) 0.52 0.472
190 ITGB2.AS1 0.31 1.4  (1.09-1.72) 7.4 0.00652
191 C14orf132 0.16 1.2  (0.869-1.58) 1.09 0.297
192 LINC00595 -1.7 0.19  (0.000793-44) 0.36 0.547
193 ST7.AS1 -0.27 0.76  (0.411-1.41) 0.74 0.389
194 SMIM2.AS1 0.01 1  (0.919-1.11) 0.04 0.833
195 RBM26.AS1 -0.15 0.86  (0.366-2.03) 0.12 0.731
196 RP11.112J3.16 0.069 1.1  (0.765-1.5) 0.16 0.688
197 KIF9.AS1 -0.33 0.72  (0.0612-8.41) 0.07 0.791
198 LINC01268 0.18 1.2  (0.818-1.73) 0.84 0.361
199 SLC2A1.AS1 -0.14 0.87  (0.436-1.75) 0.15 0.701
200 SPAG5.AS1 -0.22 0.8  (0.353-1.82) 0.28 0.596
201 LINC01341 1.4 4.1  (1.15-14.7) 4.76 0.0291
202 MFI2.AS1 0.078 1.1  (0.932-1.25) 1.06 0.304
203 RNF144A.AS1 -0.2 0.82  (0.156-4.32) 0.05 0.816
204 HCG11 0.019 1  (0.904-1.15) 0.1 0.755
205 RALY.AS1 0.14 1.2  (0.896-1.48) 1.22 0.268
206 PCAT6 0.18 1.2  (1.07-1.35) 9.76 0.00178
207 GUSBP11 2.5 13  (0.965-168) 3.74 0.0533
208 LINC01004 0.051 1.1  (0.944-1.17) 0.85 0.358
209 AP006222.2 2 7  (0.0874-568) 0.76 0.383
210 LINC01125 0.45 1.6  (0.498-4.9) 0.58 0.445
211 LINC01013 1.1 3  (0.172-53.3) 0.57 0.448
212 ZNF883 0.39 1.5  (1.06-2.06) 5.37 0.0205
213 HOTAIR 0.18 1.2  (1.05-1.36) 7 0.00817
214 LINC00659 -0.035 0.97  (0.89-1.05) 0.71 0.398
215 RP13.39P12.3 -0.3 0.74  (0.215-2.53) 0.23 0.629
216 WEE2.AS1 -0.44 0.64  (0.132-3.16) 0.29 0.588
217 LINC00954 -0.0067 0.99  (0.587-1.68) 0 0.98
218 LINC01128 0.39 1.5  (0.622-3.51) 0.78 0.377
220 UBAC2.AS1 0.017 1  (0.683-1.51) 0.01 0.934
221 ANKRD10.IT1 -0.00065 1  (0.988-1.01) 0.01 0.911
222 EPHA1.AS1 -1.2 0.29  (0.0395-2.16) 1.45 0.228
223 GS1.124K5.11 0.28 1.3  (1.02-1.71) 4.36 0.0367
224 LINC00242 0.44 1.6  (0.585-4.13) 0.78 0.376
225 LINC00858 0.42 1.5  (1.14-2.04) 8.23 0.00411
226 CTD.2554C21.3 0.73 2.1  (0.37-11.5) 0.68 0.408
227 ACVR2B.AS1 -0.12 0.89  (0.397-1.98) 0.09 0.771
228 MBNL1.AS1 -0.13 0.88  (0.606-1.28) 0.45 0.505
229 XIST -0.015 0.99  (0.947-1.03) 0.51 0.475
230 EMX2OS -0.12 0.88  (0.564-1.39) 0.29 0.593
231 LINC01315 -0.06 0.94  (0.859-1.03) 1.58 0.208
232 TFAP2A.AS1 -0.013 0.99  (0.726-1.34) 0.01 0.932
233 FLJ31356 0.058 1.1  (0.442-2.54) 0.02 0.897
234 TOB1.AS1 0.37 1.4  (0.815-2.58) 1.6 0.206
235 ALMS1.IT1 0.17 1.2  (0.816-1.71) 0.78 0.377
236 TRPM2.AS 0.041 1  (0.929-1.17) 0.49 0.483
237 PRRT3.AS1 -0.032 0.97  (0.886-1.06) 0.51 0.475
238 TMEM254.AS1 1.1 3  (0.729-12) 2.3 0.129
239 HOXB.AS1 0.4 1.5  (0.842-2.63) 1.87 0.171
240 SERPINB9P1 0.14 1.2  (0.931-1.43) 1.7 0.192
241 PSMG3.AS1 -0.0077 0.99  (0.573-1.72) 0 0.978
242 THAP7.AS1 -0.074 0.93  (0.397-2.17) 0.03 0.865
243 LIMD1.AS1 0.56 1.7  (0.0118-257) 0.05 0.827
244 FTX -0.066 0.94  (0.755-1.16) 0.37 0.543
245 DNM3OS -0.072 0.93  (0.71-1.22) 0.27 0.601
246 FOXD3.AS1 1.5 4.4  (1.66-11.6) 8.87 0.00289
247 ZNF674.AS1 0.28 1.3  (1.05-1.66) 5.59 0.0181
248 RP3.525N10.2 -0.47 0.63  (0.00135-290) 0.02 0.881
249 RP11.263K19.4 0.29 1.3  (0.742-2.43) 0.95 0.331
250 HCG18 -0.035 0.97  (0.818-1.14) 0.18 0.676
251 MORF4L2.AS1 0.3 1.3  (0.761-2.39) 1.05 0.306
252 KLF3.AS1 0.52 1.7  (0.813-3.5) 1.97 0.16
253 LINC00852 -0.18 0.83  (0.531-1.3) 0.66 0.418
254 ITPR1.AS1 2 7.5  (2.85-19.7) 16.7 4.43e-05
255 LINC00689 5.6 270  (2.35-31900) 5.34 0.0208
256 AC005224.2 -0.097 0.91  (0.318-2.59) 0.03 0.856
257 DLEU2 -0.03 0.97  (0.836-1.13) 0.15 0.695
258 LINC00899 0.7 2  (1.05-3.86) 4.4 0.036
259 LINC.PINT 7e-04 1  (0.879-1.14) 0 0.992
260 DLX6.AS1 -0.11 0.89  (0.334-2.38) 0.05 0.819
261 LINC01354 2.4 11  (0.375-343) 1.95 0.163
262 TMEM44.AS1 0.12 1.1  (0.986-1.28) 3.07 0.0798
263 TRAF3IP2.AS1 -0.11 0.9  (0.496-1.62) 0.13 0.718
264 FLJ27354 -0.16 0.85  (0.372-1.96) 0.14 0.711
265 RAP2C.AS1 -0.11 0.89  (0.395-2.02) 0.08 0.784
266 LINC00202.1 -0.35 0.7  (0.0749-6.59) 0.1 0.757
267 LINC00865 0.56 1.8  (0.958-3.2) 3.31 0.0687
268 RP4.794H19.1 0.071 1.1  (0.717-1.61) 0.12 0.731
269 KIAA1614.AS1 -1.3 0.27  (0.0062-11.8) 0.46 0.497
270 RP11.1114A5.4 0.18 1.2  (0.86-1.67) 1.14 0.287
271 LINC00665 0.076 1.1  (0.942-1.24) 1.21 0.271
272 SLCO4A1.AS1 0.00024 1  (0.984-1.02) 0 0.976
273 SMG7.AS1 0.82 2.3  (0.639-8.07) 1.61 0.205
274 LINC00342 0.057 1.1  (0.984-1.14) 2.34 0.126
275 CYP1B1.AS1 -0.53 0.59  (0.00884-39.4) 0.06 0.806
276 LINC00884 0.39 1.5  (0.646-3.36) 0.85 0.358
277 LINC00892 1.2 3.5  (0.657-18.3) 2.15 0.143
278 HOXB.AS3 0.00025 1  (0.967-1.03) 0 0.988
279 LINC00702 0.046 1  (0.531-2.07) 0.02 0.895
280 LINC00472 -1.6 0.19  (0.00279-13.3) 0.58 0.446
281 CHRM3.AS2 -0.029 0.97  (0.731-1.29) 0.04 0.84
282 HOTAIRM1 0.046 1  (0.963-1.14) 1.17 0.279
283 STXBP5.AS1 0.36 1.4  (0.596-3.48) 0.66 0.418
284 RP11.295G20.2 -0.017 0.98  (0.911-1.06) 0.2 0.657
285 LINC00460 0.0086 1  (0.956-1.06) 0.1 0.751
286 AC016831.7 -0.13 0.88  (0.75-1.02) 2.79 0.0946
287 LINC01137 -0.023 0.98  (0.841-1.13) 0.09 0.758
288 GAS6.AS1 0.058 1.1  (0.988-1.14) 2.65 0.103
289 TTTY15 0.021 1  (0.735-1.42) 0.02 0.902
290 DLG5.AS1 0.35 1.4  (0.812-2.46) 1.5 0.221
291 AL133493.2 0.18 1.2  (0.878-1.62) 1.27 0.26
292 KRTAP5.AS1 0.44 1.6  (1.11-2.18) 6.6 0.0102
293 CTC.338M12.4 0.3 1.4  (0.878-2.09) 1.88 0.17
294 RP11.250B2.3 0.1 1.1  (0.719-1.71) 0.22 0.638
295 RNASEH1.AS1 -0.038 0.96  (0.875-1.06) 0.62 0.429
296 JAZF1.AS1 -1.6 0.2  (2.9e-07-140000) 0.05 0.815
297 LINC01426 -0.11 0.89  (0.627-1.27) 0.39 0.532
298 USP27X.AS1 0.42 1.5  (0.818-2.85) 1.76 0.184
299 MAGI2.AS3 0.029 1  (0.737-1.44) 0.03 0.865
300 C5orf58 -0.28 0.76  (0.29-1.98) 0.32 0.569
301 MAPKAPK5.AS1 0.02 1  (0.956-1.09) 0.37 0.545
302 SNRK.AS1 -0.31 0.74  (0.253-2.14) 0.32 0.573
303 MED14OS 0.13 1.1  (0.652-2.01) 0.22 0.639
304 SDCBP2.AS1 -0.089 0.92  (0.688-1.22) 0.37 0.541
305 GAS5 0.001 1  (0.997-1.01) 0.21 0.643
306 SOX9.AS1 0.39 1.5  (0.569-3.82) 0.64 0.425
307 AC104667.3 0.38 1.5  (1.09-1.94) 6.61 0.0101
308 DPP10.AS1 0.05 1.1  (0.918-1.2) 0.52 0.471
309 LINC00094 -0.16 0.85  (0.638-1.13) 1.21 0.271
310 ITGA9.AS1 0.017 1  (0.417-2.48) 0 0.971
311 MCF2L.AS1 -0.0043 1  (0.954-1.04) 0.04 0.844
312 LINC00957 0.35 1.4  (1.08-1.84) 6.55 0.0105
313 AC114730.11 0.69 2  (1.28-3.1) 9.36 0.00221
314 LINC00961 -0.4 0.67  (0.162-2.79) 0.3 0.585
315 LINC01278 0.047 1  (0.952-1.15) 0.92 0.337
316 TOPORS.AS1 -0.09 0.91  (0.589-1.42) 0.16 0.689
317 LINC00494 -0.78 0.46  (0.0608-3.48) 0.57 0.452
318 LINC00894 -0.0077 0.99  (0.746-1.32) 0 0.958
319 DICER1.AS1 0.41 1.5  (1.04-2.19) 4.66 0.0308
320 LINC00607 -0.29 0.75  (0.279-2.02) 0.32 0.569
321 GSN.AS1 -0.52 0.6  (0.149-2.39) 0.53 0.465
322 ASH1L.AS1 0.082 1.1  (0.849-1.39) 0.43 0.514
323 TTC28.AS1 0.36 1.4  (0.803-2.54) 1.47 0.225
324 ASMTL.AS1 0.053 1.1  (0.977-1.14) 1.86 0.173
325 ELFN1.AS1 0.023 1  (1-1.05) 4.71 0.03
326 COX10.AS1 0.36 1.4  (0.776-2.66) 1.34 0.248
327 AP001189.4 0.18 1.2  (0.83-1.73) 0.93 0.334
328 TRHDE.AS1 6.3 550  (9.99-30700) 9.5 0.00205
329 LINC01134 0.071 1.1  (0.631-1.82) 0.07 0.795
330 LINC00896 0.38 1.5  (1.11-1.92) 7.17 0.0074
331 PITPNA.AS1 0.066 1.1  (0.977-1.17) 2.12 0.145
332 DNAJC9.AS1 -0.25 0.78  (0.0174-35.1) 0.02 0.899
333 INTS6.AS1 -0.0072 0.99  (0.449-2.2) 0 0.986
334 TCEB3.AS1 -0.034 0.97  (0.55-1.7) 0.01 0.905
335 CBR3.AS1 0.18 1.2  (0.59-2.44) 0.25 0.614
336 AC024560.2 1.2 3.4  (1.18-9.82) 5.12 0.0237
337 BMS1P20 0.3 1.4  (0.806-2.27) 1.3 0.254
338 NIFK.AS1 0.47 1.6  (1.1-2.3) 6.16 0.0131
339 RP11.1008C21.2 0.027 1  (0.272-3.87) 0 0.969
340 ZEB1.AS1 0.52 1.7  (1.23-2.3) 10.7 0.00105
341 PRMT5.AS1 -0.6 0.55  (0.055-5.48) 0.26 0.609
342 HAND2.AS1 -0.017 0.98  (0.335-2.88) 0 0.976
343 ZNF503.AS2 0.36 1.4  (0.863-2.37) 1.93 0.165
344 NR2F1.AS1 0.12 1.1  (0.591-2.15) 0.13 0.715
345 TTN.AS1 -0.19 0.83  (0.156-4.42) 0.05 0.826
346 TUSC8 0.072 1.1  (0.995-1.16) 3.38 0.066
347 HOXD.AS2 0.29 1.3  (0.958-1.88) 2.93 0.0869
348 PITRM1.AS1 0.089 1.1  (0.386-3.1) 0.03 0.868
349 FOXD2.AS1 0.023 1  (0.962-1.09) 0.52 0.473
350 CECR7 0.17 1.2  (0.854-1.64) 1.03 0.309
351 LINC00959 0.093 1.1  (0.382-3.16) 0.03 0.863
352 DGCR5 -0.27 0.77  (0.279-2.11) 0.26 0.607
353 LINC00857 0.0098 1  (0.796-1.28) 0.01 0.936
354 PRKCQ.AS1 0.16 1.2  (0.89-1.55) 1.29 0.256
355 LINC00844 5.5 250  (1.81-33200) 4.82 0.0281
356 FLG.AS1 2.9 18  (4.53-74.9) 16.6 4.65e-05
357 RP11.443B7.1 -0.017 0.98  (0.555-1.74) 0 0.954
358 SPATA3.AS1 0.39 1.5  (0.643-3.36) 0.83 0.361
359 LINC01410 0.63 1.9  (1.34-2.66) 13.2 0.000277
360 MLK7.AS1 -0.011 0.99  (0.928-1.05) 0.11 0.745
361 PAXBP1.AS1 -0.0048 1  (0.527-1.88) 0 0.988
362 AC012360.6 -0.11 0.9  (0.689-1.17) 0.63 0.427
363 NCK1.AS1 0.16 1.2  (0.933-1.48) 1.88 0.17
364 LINC01119 1.7 5.6  (0.54-58.5) 2.09 0.149
365 KMT2E.AS1 0.075 1.1  (0.993-1.17) 3.22 0.0727
366 PSMD6.AS2 -0.34 0.71  (0.307-1.64) 0.64 0.423
367 PRKAG2.AS1 0.12 1.1  (1-1.27) 3.98 0.0459
368 CDKN2B.AS1 -0.26 0.77  (0.472-1.26) 1.08 0.298
369 LINC00886 -0.033 0.97  (0.535-1.75) 0.01 0.913
370 NDUFB2.AS1 0.38 1.5  (0.773-2.75) 1.36 0.244
371 HOXA11.AS -0.0029 1  (0.945-1.05) 0.01 0.916
372 FLJ22763 -0.062 0.94  (0.79-1.12) 0.49 0.485
373 SUCLG2.AS1 -0.2 0.81  (0.0829-8.01) 0.03 0.861
374 PTPRG.AS1 -0.64 0.53  (0.0854-3.26) 0.47 0.492
375 ADAMTS9.AS2 -1.1 0.33  (0.0089-12.2) 0.36 0.547
376 LINC00893 0.13 1.1  (0.709-1.83) 0.29 0.588
377 PRR34.AS1 0.035 1  (0.927-1.16) 0.38 0.54
378 LINC00969 0.037 1  (0.893-1.21) 0.24 0.625
379 LINC00996 -0.15 0.86  (0.398-1.86) 0.15 0.702
380 LINC00960 0.086 1.1  (0.881-1.35) 0.63 0.428
381 LINC00882 2.6 14  (0.61-316) 2.72 0.099
382 SOX2.OT 4.3 74  (1.86-2950) 5.25 0.0219
383 RP11.285F7.2 0.0077 1  (0.994-1.02) 1.18 0.276
384 ARHGEF26.AS1 0.87 2.4  (0.0713-79.2) 0.23 0.628
385 MNX1.AS1 0.085 1.1  (1-1.18) 4.01 0.0451
386 LINC00883 0.011 1  (0.524-1.95) 0 0.973
387 HOTTIP -0.019 0.98  (0.904-1.06) 0.21 0.644
388 WDR86.AS1 1.8 6.3  (1.45-27.6) 6.03 0.0141
389 TIPARP.AS1 0.059 1.1  (0.705-1.6) 0.08 0.777
390 GS1.259H13.2 -0.031 0.97  (0.484-1.94) 0.01 0.931
391 MIATNB 0.023 1  (0.627-1.67) 0.01 0.927
392 CTD.2377D24.6 -0.0088 0.99  (0.968-1.02) 0.51 0.476
393 GABPB1.AS1 0.024 1  (0.884-1.19) 0.1 0.747
394 LINC00847 0.067 1.1  (0.971-1.18) 1.87 0.171
395 A2M.AS1 -0.37 0.69  (0.213-2.24) 0.38 0.539
396 RNF139.AS1 0.18 1.2  (0.577-2.48) 0.23 0.631
397 RP11.10K16.1 0.26 1.3  (0.385-4.33) 0.17 0.679
398 USP2.AS1 0.13 1.1  (0.506-2.54) 0.09 0.76
399 SCAMP1.AS1 0.083 1.1  (0.943-1.25) 1.31 0.252
400 BDNF.AS 0.51 1.7  (0.697-3.99) 1.32 0.251
401 DDX11.AS1 1 2.7  (1.24-6.08) 6.17 0.013
402 CRNDE 0.06 1.1  (0.952-1.18) 1.15 0.283
403 RAD51.AS1 0.14 1.2  (0.987-1.35) 3.2 0.0735
404 RP11.796E2.4 4.7 120  (0.964-13700) 3.78 0.0518
405 ALDH1L1.AS2 -0.77 0.46  (0.0317-6.72) 0.32 0.572
406 RAB30.AS1 -0.027 0.97  (0.821-1.15) 0.1 0.752
407 LINC01096 0.065 1.1  (0.463-2.46) 0.02 0.879
408 LINC00900 0.79 2.2  (0.285-17.1) 0.57 0.448
409 SBF2.AS1 -0.022 0.98  (0.657-1.46) 0.01 0.914
410 EXTL3.AS1 -0.7 0.5  (0.0592-4.17) 0.42 0.519
411 LINC00968 -0.67 0.51  (0.018-14.5) 0.15 0.695
412 RASSF8.AS1 -0.19 0.83  (0.313-2.2) 0.14 0.705
413 MGC16275 0.076 1.1  (0.097-12) 0 0.951
414 RGMB.AS1 0.045 1  (0.897-1.22) 0.33 0.568
415 DNM1P35 1.4 4.2  (0.643-27.4) 2.25 0.134
416 LINC00920 -0.00077 1  (0.894-1.12) 0 0.989
417 RP1.179N16.6 0.35 1.4  (1.01-2) 3.97 0.0464
418 SOCS2.AS1 0.47 1.6  (0.503-5.04) 0.63 0.429
419 SNHG10 0.11 1.1  (0.945-1.32) 1.66 0.197
420 MIR210HG 0.094 1.1  (1.03-1.17) 8.36 0.00383
421 LINC01252 0.72 2.1  (0.911-4.63) 3.01 0.0828
422 UBL7.AS1 -0.038 0.96  (0.587-1.58) 0.02 0.879
423 ZBED5.AS1 0.027 1  (0.912-1.16) 0.2 0.658
424 DNAJC3.AS1 0.05 1.1  (0.924-1.2) 0.57 0.451
425 OIP5.AS1 -0.014 0.99  (0.912-1.07) 0.12 0.727
426 CKMT2.AS1 0.29 1.3  (0.798-2.22) 1.2 0.273
427 RP11.1277A3.1 0.17 1.2  (0.903-1.57) 1.53 0.216
428 STX18.AS1 -0.55 0.58  (0.183-1.81) 0.9 0.344
429 PCED1B.AS1 0.21 1.2  (1.01-1.52) 4.04 0.0444
430 NR2F2.AS1 0.061 1.1  (0.186-6.07) 0 0.945
431 TMEM161B.AS1 -0.024 0.98  (0.769-1.24) 0.04 0.843
432 RP11.421F16.3 0.025 1  (0.919-1.14) 0.21 0.649
433 SEC24B.AS1 -0.3 0.74  (0.209-2.61) 0.22 0.636
434 LINC00926 0.31 1.4  (1.18-1.57) 18.3 1.85e-05
435 FAM13A.AS1 -0.13 0.87  (0.467-1.63) 0.18 0.673
436 NNT.AS1 0.011 1  (0.803-1.27) 0.01 0.924
437 RP11.499E18.1 -0.19 0.83  (0.481-1.42) 0.47 0.493
438 FLJ12825 2.5 12  (0.26-535) 1.61 0.205
439 TRIM52.AS1 0.027 1  (0.905-1.17) 0.18 0.675
440 MEF2C.AS1 0.72 2.1  (0.0171-249) 0.09 0.767
441 LINC01197 0.94 2.6  (0.13-50.8) 0.38 0.536
442 LINC01207 -0.0038 1  (0.942-1.05) 0.02 0.894
443 USP46.AS1 -0.1 0.9  (0.603-1.35) 0.24 0.623
444 C5orf17 0.11 1.1  (0.896-1.4) 1 0.316
445 HHIP.AS1 -0.16 0.85  (0.49-1.48) 0.33 0.566
446 C5orf66.AS1 -0.13 0.88  (0.407-1.9) 0.11 0.744
447 CTD.3080P12.3 0.12 1.1  (0.428-2.97) 0.06 0.809
448 LINC01088 0.043 1  (0.954-1.14) 0.86 0.353
449 LINC01091 0.26 1.3  (0.665-2.52) 0.58 0.447
450 LINC01234 0.12 1.1  (0.998-1.27) 3.72 0.0538
451 MIR143HG -0.23 0.8  (0.423-1.5) 0.5 0.478
452 NOP14.AS1 -0.054 0.95  (0.588-1.53) 0.05 0.824
453 SRD5A3.AS1 -0.71 0.49  (0.0613-3.95) 0.45 0.505
454 LINC00964 3.2 25  (0.0918-6880) 1.27 0.26
455 LINC01018 1.9 6.7  (2.12-21.2) 10.5 0.00122
456 FZD10.AS1 -0.51 0.6  (0.302-1.21) 2.05 0.152
457 MGC32805 0.047 1  (0.888-1.24) 0.31 0.577
458 LINC01021 -0.018 0.98  (0.768-1.26) 0.02 0.889
459 FLJ33360 0.91 2.5  (0.122-51.1) 0.35 0.553
460 RP11.440I14.2 -2 0.14  (0.00113-16.3) 0.67 0.414
461 SNHG18 -0.014 0.99  (0.958-1.02) 0.89 0.347
462 ZBED3.AS1 -1.1 0.32  (0.0132-7.75) 0.49 0.483
463 AC141928.1 0.45 1.6  (1.11-2.24) 6.39 0.0115
464 THAP9.AS1 0.016 1  (0.955-1.08) 0.25 0.614
465 RP11.549J18.1 -0.066 0.94  (0.34-2.57) 0.02 0.898
466 LINC00923 0.51 1.7  (0.829-3.31) 2.05 0.153
467 SHANK3 0.079 1.1  (0.983-1.19) 2.57 0.109
468 LINC01094 -0.045 0.96  (0.621-1.47) 0.04 0.837
469 RP11.164P12.3 -0.65 0.52  (0.0407-6.66) 0.25 0.616
470 MALAT1 -0.0016 1  (0.994-1) 0.66 0.417
471 RP11.539L10.3 -0.018 0.98  (0.861-1.12) 0.07 0.791
472 RP11.774O3.3 -0.14 0.87  (0.444-1.69) 0.18 0.673
473 TUG1 0.012 1  (0.985-1.04) 0.75 0.387
474 RP1.170O19.14 -0.033 0.97  (0.863-1.08) 0.33 0.568
475 HOXA.AS2 0.011 1  (0.871-1.17) 0.02 0.887
476 ZFHX4.AS1 3.3 26  (1.89-360) 5.92 0.0149
477 OTUD6B.AS1 0.049 1.1  (0.936-1.18) 0.7 0.404
478 RP11.410L14.2 0.12 1.1  (0.893-1.44) 1.05 0.305
479 RBPMS.AS1 -0.044 0.96  (0.579-1.58) 0.03 0.865
480 HOXA.AS3 -0.056 0.95  (0.644-1.39) 0.08 0.777
481 RHPN1.AS1 0.042 1  (0.801-1.36) 0.1 0.754
482 RP11.728F11.4 -0.49 0.61  (0.192-1.96) 0.68 0.411
483 FLJ20021 -0.0018 1  (0.93-1.07) 0 0.959
484 WAC.AS1 0.064 1.1  (0.991-1.15) 2.98 0.0843
485 SENCR 0.19 1.2  (0.364-4.04) 0.1 0.754
487 RP11.111M22.3 0.043 1  (0.972-1.12) 1.4 0.236
488 TOLLIP.AS1 0.094 1.1  (0.779-1.55) 0.29 0.592
490 RP11.736K20.5 -0.12 0.89  (0.503-1.56) 0.18 0.673
491 ZNF252P.AS1 0.18 1.2  (0.419-3.4) 0.11 0.741
492 LINC00925 2.7 15  (4.45-53) 18.7 1.52e-05
493 FAM222A.AS1 -0.15 0.86  (0.636-1.16) 0.99 0.321
494 AGAP2.AS1 0.0037 1  (0.943-1.07) 0.01 0.907
495 PXN.AS1 0.32 1.4  (0.953-1.98) 2.89 0.0894
496 USP30.AS1 -0.049 0.95  (0.841-1.08) 0.6 0.44
497 ZBTB11.AS1 0.16 1.2  (0.443-3.11) 0.1 0.747
498 U47924.27 0.026 1  (0.988-1.07) 1.78 0.182
499 RP11.783K16.13 0.21 1.2  (0.997-1.52) 3.75 0.0528
500 PWAR6 -0.13 0.87  (0.576-1.33) 0.39 0.53
501 TMPO.AS1 0.4 1.5  (1-2.22) 3.83 0.0502
502 RP11.631N16.2 -0.12 0.88  (0.459-1.7) 0.14 0.709
503 RP11.585P4.5 0.11 1.1  (0.864-1.44) 0.69 0.407
504 LBX2.AS1 0.074 1.1  (0.981-1.18) 2.43 0.119
505 RP1.78O14.1 0.38 1.5  (0.611-3.5) 0.73 0.393
506 RP11.644F5.11 0.13 1.1  (0.982-1.32) 2.93 0.0868
507 BCDIN3D.AS1 0.72 2  (0.352-11.9) 0.64 0.425
508 LINC00641 -0.11 0.9  (0.698-1.16) 0.7 0.403
509 DIO3OS 0.008 1  (0.941-1.08) 0.05 0.819
510 RP4.773N10.4 0.099 1.1  (0.817-1.49) 0.42 0.519
511 LINC00930 -0.059 0.94  (0.304-2.92) 0.01 0.919
512 ARHGAP5.AS1 0.11 1.1  (0.957-1.31) 1.98 0.16
513 LINC00638 0.76 2.1  (1.18-3.86) 6.29 0.0122
514 SLC25A21.AS1 0.32 1.4  (0.852-2.21) 1.69 0.193
515 CTD.2292M16.8 0.47 1.6  (0.833-3.05) 1.98 0.159
516 LINC00520 0.27 1.3  (1.02-1.68) 4.4 0.0358
517 FOXN3.AS1 0.07 1.1  (0.807-1.43) 0.23 0.629
518 RP4.647C14.3 -0.83 0.44  (0.117-1.63) 1.52 0.218
519 RPPH1 -0.85 0.43  (0.0398-4.61) 0.49 0.484
520 LINC00639 1.7 5.3  (2.04-13.8) 11.7 0.000628
521 LINC00924 0.98 2.7  (0.947-7.49) 3.45 0.0634
522 USP3.AS1 -0.19 0.83  (0.452-1.52) 0.37 0.541
523 RP11.468E2.5 0.2 1.2  (0.65-2.31) 0.4 0.53
524 RP11.1069G10.1 -0.64 0.53  (0.0904-3.08) 0.51 0.477
525 LINC01314 0.18 1.2  (0.801-1.8) 0.79 0.375
526 RP11.753A21.1 -5.7 0.0033  (5.21e-12-2130000) 0.3 0.581
527 RP11.210M15.2 -0.015 0.99  (0.141-6.88) 0 0.988
528 IQCH.AS1 -0.27 0.76  (0.422-1.37) 0.82 0.365
529 CTD.2256P15.2 0.13 1.1  (0.836-1.56) 0.7 0.402
530 AC083843.1 0.032 1  (0.963-1.11) 0.82 0.365
531 RP11.467D6.1 1.4 4.1  (1.72-9.57) 10.2 0.00141
532 SH3RF3.AS1 -0.15 0.86  (0.428-1.74) 0.17 0.679
533 RP11.488L18.10 0.023 1  (0.977-1.07) 0.95 0.33
534 RP11.410E4.1 -0.17 0.84  (0.46-1.55) 0.3 0.583
535 RP1.39G22.7 0.13 1.1  (1.02-1.26) 5.33 0.021
536 AC009133.15 0.52 1.7  (0.727-3.89) 1.48 0.224
537 RP11.121C2.2 -0.36 0.69  (0.387-1.25) 1.49 0.222
538 RP11.999E24.3 0.74 2.1  (1.1-4.02) 5.07 0.0243
539 AC009120.6 0.041 1  (0.824-1.32) 0.12 0.733
540 LINC00261 -0.013 0.99  (0.966-1.01) 1.51 0.219
541 RP11.305E6.4 0.24 1.3  (0.837-1.95) 1.28 0.258
542 LINC00657 -0.0015 1  (0.993-1) 0.25 0.62
543 RP11.66N11.8 0.15 1.2  (0.92-1.48) 1.62 0.204
544 RP11.568N6.1 -0.29 0.75  (0.33-1.7) 0.47 0.492
545 RP6.201G10.2 0.21 1.2  (0.498-3.08) 0.21 0.647
546 CTC.471J1.2 0.0016 1  (0.841-1.19) 0 0.986
547 RP11.83N9.5 0.3 1.3  (0.89-2.04) 1.99 0.159
548 JHDM1D.AS1 0.012 1  (0.973-1.05) 0.35 0.551
549 SSSCA1.AS1 0.58 1.8  (1.17-2.75) 7.12 0.00764
550 RP11.708J19.1 0.66 1.9  (0.785-4.73) 2.05 0.152
551 RP5.1085F17.3 0.02 1  (0.937-1.11) 0.22 0.64
552 SNHG19 -0.0069 0.99  (0.982-1) 1.35 0.246
553 RP11.480A16.1 0.14 1.1  (0.929-1.41) 1.63 0.202
554 RP11.44F21.5 0.014 1  (0.937-1.1) 0.11 0.736
555 RP11.715J22.6 0.56 1.7  (1.32-2.31) 15.4 8.63e-05
556 RP11.395I6.3 0.28 1.3  (0.65-2.67) 0.58 0.444
557 RP11.48B3.4 -0.21 0.81  (0.481-1.36) 0.66 0.418
558 RP11.416I2.1 0.69 2  (0.317-12.6) 0.54 0.461
559 HEXA.AS1 1.2 3.4  (0.351-32.8) 1.11 0.291
560 CTD.2313J17.5 0.28 1.3  (0.64-2.74) 0.58 0.447
561 RP11.521I2.3 -0.024 0.98  (0.508-1.88) 0.01 0.943
562 RP11.119F7.5 -0.19 0.83  (0.356-1.93) 0.19 0.662
563 RP3.406A7.7 -0.0071 0.99  (0.945-1.04) 0.08 0.78
564 RP4.561L24.3 -0.094 0.91  (0.0978-8.47) 0.01 0.934
565 RP11.55K13.1 -0.19 0.83  (0.312-2.19) 0.15 0.701
566 RP11.426C22.5 0.12 1.1  (0.472-2.68) 0.07 0.79
567 RP11.73K9.2 -0.092 0.91  (0.235-3.54) 0.02 0.894
568 RP11.16N11.2 0.52 1.7  (0.86-3.3) 2.31 0.129
569 CTD.2541J13.1 -1.6 0.21  (0.000139-323) 0.17 0.678
570 RP11.930P14.2 1.1 3.1  (1.19-7.92) 5.35 0.0207
571 STAM.AS1 0.66 1.9  (0.619-6.06) 1.29 0.256
572 SNAI3.AS1 0.17 1.2  (0.37-3.82) 0.09 0.77
573 RP11.375I20.6 2.2 8.9  (0.884-89.2) 3.44 0.0636
574 CTA.29F11.1 0.038 1  (0.949-1.14) 0.69 0.406
575 RP11.747H7.3 -0.12 0.89  (0.646-1.23) 0.49 0.484
576 RP11.366L5.1 0.46 1.6  (0.256-9.74) 0.24 0.622
577 CTD.2196E14.6 0.16 1.2  (0.82-1.66) 0.74 0.389
578 RP11.226L15.5 0.045 1  (0.9-1.21) 0.34 0.56
579 CTD.2083E4.4 -0.095 0.91  (0.272-3.04) 0.02 0.877
580 PKI55 -0.054 0.95  (0.746-1.2) 0.2 0.659
581 RP11.319G9.3 -0.73 0.48  (0.0611-3.83) 0.47 0.492
582 FBXL19.AS1 0.27 1.3  (0.955-1.78) 2.79 0.0947
583 RP11.439E19.10 -0.12 0.89  (0.352-2.25) 0.06 0.807
584 RP11.320H14.1 -0.088 0.92  (0.626-1.34) 0.2 0.651
585 RP11.483I13.5 120 1.2e+50  (1.28e+09-1.17e+91) 5.74 0.0166
586 LINC00565 -0.43 0.65  (0.191-2.2) 0.48 0.488
587 RP11.363E7.4 0.055 1.1  (0.978-1.14) 1.91 0.166
588 RP11.731J8.2 -0.054 0.95  (0.121-7.4) 0 0.959
589 RP1.228H13.5 -0.31 0.73  (0.504-1.07) 2.62 0.106
590 LINC00622 0.15 1.2  (0.639-2.13) 0.25 0.617
591 CAPN10.AS1 0.3 1.3  (0.893-2.03) 2.02 0.155
592 RP11.384P7.7 -0.79 0.45  (0.0367-5.6) 0.38 0.537
593 RP11.552M11.8 -0.49 0.61  (0.286-1.32) 1.57 0.21
594 RP11.297L17.2 0.013 1  (0.644-1.59) 0 0.955
595 RP11.333I13.1 -0.77 0.46  (0.02-10.6) 0.23 0.629
596 DOCK9.AS2 0.045 1  (0.759-1.44) 0.08 0.784
597 RP13.122B23.8 0.17 1.2  (0.794-1.76) 0.69 0.408
598 WFDC21P -0.13 0.87  (0.747-1.02) 2.76 0.0965
599 RP11.274H2.5 -0.033 0.97  (0.551-1.7) 0.01 0.908
601 RP11.819C21.1 -0.022 0.98  (0.658-1.45) 0.01 0.913
602 RP4.798A10.7 2.1 8.2  (1.1-61.8) 4.22 0.0401
603 RP11.37C7.3 0.31 1.4  (0.513-3.66) 0.4 0.529
604 RP11.517B11.7 -0.1 0.91  (0.567-1.44) 0.17 0.676
605 RP11.532F12.5 0.022 1  (0.97-1.08) 0.69 0.407
606 RP11.341N2.1 0.82 2.3  (1.01-5.1) 3.91 0.0481
607 RP11.1007O24.2 0.46 1.6  (0.513-4.91) 0.64 0.423
608 RP11.629O1.2 0.093 1.1  (1-1.21) 3.82 0.0507
609 RP4.714D9.5 -0.052 0.95  (0.732-1.23) 0.15 0.695
610 RP11.389C8.2 -0.052 0.95  (0.61-1.48) 0.05 0.818
611 RP11.517C16.2 0.051 1.1  (0.685-1.62) 0.05 0.815
612 RP11.389G6.3 -2.9 0.055  (3.8e-05-78.2) 0.62 0.433
613 RP11.524D16__A.3 -0.003 1  (0.926-1.07) 0.01 0.937
614 RP4.584D14.7 0.31 1.4  (1.11-1.69) 8.63 0.0033
615 RP11.174G6.5 0.078 1.1  (0.781-1.5) 0.22 0.638
616 LINC01355 -0.056 0.95  (0.766-1.17) 0.28 0.6
617 RP11.378A13.1 0.12 1.1  (0.588-2.17) 0.14 0.712
618 VPS9D1.AS1 0.014 1  (0.975-1.05) 0.5 0.48
619 RP11.1007O24.3 -1.1 0.35  (0.0377-3.2) 0.87 0.35
620 RP11.16P6.1 -0.31 0.73  (0.396-1.36) 0.98 0.323
621 RP11.399O19.9 -0.37 0.69  (0.358-1.33) 1.23 0.267
622 LINC01003 0.099 1.1  (1.01-1.21) 4.47 0.0346
623 RP11.1024P17.1 0.31 1.4  (0.949-1.98) 2.83 0.0926
624 RP11.429B14.4 15 3400000  (10.5-1.11e+12) 5.4 0.0202
625 PAN3.AS1 0.082 1.1  (0.872-1.35) 0.54 0.462
626 RP11.757F18.5 0.082 1.1  (0.887-1.33) 0.63 0.427
627 LA16c.358B7.3 0.36 1.4  (1.01-2.03) 4.08 0.0433
628 CTB.31O20.2 0.2 1.2  (0.956-1.55) 2.54 0.111
629 RP11.524C21.2 -0.73 0.48  (0.00793-29.3) 0.12 0.728
630 RP11.384L8.1 0.15 1.2  (0.899-1.49) 1.3 0.255
631 RP11.21L23.2 0.68 2  (1.02-3.8) 4.1 0.0428
632 CTD.3064M3.3 0.14 1.1  (0.641-2.05) 0.21 0.646
633 RP11.401P9.4 0.006 1  (0.985-1.03) 0.3 0.582
634 SSTR5.AS1 -0.0094 0.99  (0.8-1.23) 0.01 0.932
635 RP4.612B15.3 -0.22 0.8  (0.405-1.58) 0.42 0.518
636 CTC.523E23.1 0.84 2.3  (0.742-7.2) 2.09 0.148
637 AC005606.14 -2.9 0.055  (4.83e-11-63600000) 0.07 0.786
638 RP1.118J21.25 0.33 1.4  (0.556-3.49) 0.5 0.479
639 LOXL1.AS1 0.018 1  (0.714-1.45) 0.01 0.919
640 LINC00662 0.23 1.3  (0.659-2.42) 0.49 0.482
641 RP11.893F2.14 -3.2 0.039  (1.4e-07-11000) 0.26 0.613
642 DLGAP1.AS2 -0.098 0.91  (0.813-1.01) 3.05 0.0809
643 RP13.1032I1.7 0.1 1.1  (0.818-1.5) 0.43 0.51
644 RP11.96D1.11 -1900 0  (0-Inf) 0 0.996
645 RP11.676J12.4 -0.09 0.91  (0.398-2.1) 0.04 0.832
646 RP11.199F11.2 0.23 1.3  (0.987-1.62) 3.44 0.0637
647 RP11.1260E13.2 -0.1 0.9  (0.603-1.34) 0.26 0.608
648 RP11.334C17.5 0.33 1.4  (0.941-2.05) 2.73 0.0985
649 RP11.44F14.8 -0.14 0.87  (0.68-1.12) 1.14 0.286
650 RP11.353N14.2 0.27 1.3  (0.907-1.88) 2.07 0.15
651 RP11.876N24.5 -0.14 0.87  (0.688-1.1) 1.32 0.251
652 ZNF213.AS1 0.14 1.1  (0.891-1.48) 1.15 0.284
653 RP11.166P13.4 -0.53 0.59  (0.191-1.83) 0.83 0.361
654 RP11.461A8.4 -0.53 0.59  (0.278-1.25) 1.9 0.168
656 TAPT1.AS1 0.14 1.2  (0.747-1.78) 0.41 0.522
657 AF001548.5 -0.07 0.93  (0.79-1.1) 0.69 0.407
658 RP5.890E16.2 0.31 1.4  (0.439-4.24) 0.29 0.592
659 LINC00675 0.0015 1  (0.971-1.03) 0.01 0.926
660 RP11.498C9.15 -0.15 0.86  (0.681-1.1) 1.46 0.227
661 LINC00667 0.0095 1  (0.944-1.08) 0.08 0.779
662 LINC00908 5.1 170  (0.00961-3050000) 1.06 0.303
663 LINC00672 0.42 1.5  (0.934-2.48) 2.84 0.0921
664 RP11.196G18.23 -23 8.2e-11  (1.17e-34-5.71e+13) 0.69 0.407
665 LINC00909 0.071 1.1  (0.748-1.54) 0.15 0.7
666 LINC00526 -0.042 0.96  (0.85-1.08) 0.46 0.496
667 RP11.680C21.1 -0.054 0.95  (0.701-1.28) 0.12 0.724
668 C1QTNF1.AS1 -0.27 0.76  (0.476-1.23) 1.24 0.265
669 MIR133A1HG -1.6 0.2  (0.000463-85) 0.27 0.601
670 BZRAP1.AS1 -0.028 0.97  (0.793-1.19) 0.07 0.79
671 DTX2P1.UPK3BP1.PMS2P11 0.27 1.3  (0.853-2.03) 1.54 0.215
672 RARA.AS1 0.01 1  (1-1.02) 3.84 0.05
673 MAFG.AS1 0.013 1  (0.889-1.15) 0.04 0.846
674 LINC00668 0.014 1  (0.975-1.05) 0.5 0.478
675 GATA6.AS1 0.068 1.1  (0.899-1.27) 0.59 0.444
676 NDUFV2.AS1 -0.12 0.89  (0.592-1.32) 0.35 0.554
677 RP11.799D4.4 1.7 5.7  (2.37-13.8) 15 0.000104
678 RP4.657D16.3 -0.47 0.63  (0.21-1.88) 0.69 0.405
679 ASB16.AS1 0.087 1.1  (0.954-1.25) 1.61 0.204
680 ILF3.AS1 0.059 1.1  (1.02-1.1) 11 0.000886
681 PCAT19 0.075 1.1  (0.697-1.67) 0.12 0.734
682 CTD.2528L19.6 0.11 1.1  (0.906-1.37) 1.05 0.306
683 AC084219.3 -0.25 0.78  (0.336-1.79) 0.35 0.552
684 RP1.193H18.2 -0.045 0.96  (0.877-1.04) 1.03 0.311
685 ZNF790.AS1 0.094 1.1  (0.441-2.73) 0.04 0.84
686 CTC.550B14.7 0.17 1.2  (0.79-1.79) 0.69 0.406
687 PARD6G.AS1 0.3 1.3  (0.724-2.5) 0.89 0.347
688 LINC01140 2.3 9.9  (0.26-380) 1.53 0.217
689 MAP3K14.AS1 0.15 1.2  (0.586-2.29) 0.18 0.673
690 AC005306.3 1.4 4.2  (1.27-13.8) 5.54 0.0185
691 CEBPA.AS1 -0.042 0.96  (0.833-1.1) 0.34 0.561
692 CTB.25B13.12 0.15 1.2  (1.07-1.26) 12.9 0.000332
693 RP11.1094M14.11 0.0018 1  (0.933-1.08) 0 0.96
694 SNHG22 -0.065 0.94  (0.746-1.18) 0.32 0.574
695 RP11.552F3.10 -0.082 0.92  (0.384-2.21) 0.03 0.854
696 KCNJ2.AS1 -0.0077 0.99  (0.482-2.04) 0 0.983
697 RP11.635N19.1 -0.15 0.86  (0.408-1.8) 0.16 0.686
698 AC074212.6 0.77 2.2  (1.23-3.82) 7.16 0.00745
699 ZNF582.AS1 0.95 2.6  (0.488-13.8) 1.25 0.264
701 RP11.13K12.5 0.25 1.3  (0.496-3.35) 0.27 0.602
702 ZNF571.AS1 -0.33 0.72  (0.206-2.49) 0.27 0.601
703 CIRBP.AS1 0.039 1  (0.787-1.37) 0.07 0.784
704 CTC.459F4.3 0.11 1.1  (0.599-2.08) 0.12 0.731
705 RP11.53B2.2 -0.44 0.64  (0.202-2.05) 0.56 0.454
706 HP09025 1.2 3.3  (1.12-9.59) 4.72 0.0298
707 RP11.686D22.8 0.092 1.1  (0.448-2.68) 0.04 0.84
708 AC008746.12 0.029 1  (0.855-1.24) 0.09 0.759
709 CTD.2540F13.2 0.24 1.3  (1.09-1.49) 9.23 0.00239
710 CTB.176F20.3 -0.41 0.66  (0.288-1.51) 0.96 0.327
711 PTOV1.AS1 0.17 1.2  (0.886-1.57) 1.28 0.259
712 AC006129.2 0.63 1.9  (1.27-2.76) 9.96 0.0016
713 NAPA.AS1 0.37 1.4  (0.888-2.36) 2.2 0.138
714 AC005785.2 -0.052 0.95  (0.527-1.71) 0.03 0.863
715 CTC.444N24.11 -0.0032 1  (0.94-1.06) 0.01 0.914
716 SMC5.AS1 -0.034 0.97  (0.4-2.33) 0.01 0.939
717 FENDRR -0.16 0.85  (0.691-1.05) 2.22 0.136
718 DKFZp434J0226 1.6 5  (1-25.2) 3.87 0.0493
719 RP11.805I24.3 -1.5 0.22  (0.0112-4.25) 1.01 0.315
720 A1BG.AS1 1.6 5.1  (1.03-25.7) 3.97 0.0463
721 CTD.2619J13.17 -0.97 0.38  (0.0642-2.25) 1.13 0.287
722 MAN1B1.AS1 0.11 1.1  (0.812-1.55) 0.48 0.487
723 CTC.429P9.3 0.018 1  (0.864-1.2) 0.05 0.83
724 LINC01082 -0.028 0.97  (0.809-1.17) 0.09 0.769
725 RP4.614O4.12 0.35 1.4  (0.796-2.53) 1.4 0.236
726 LINC00528 1.2 3.3  (0.914-12) 3.33 0.0682
727 ZSCAN16.AS1 0.15 1.2  (0.819-1.65) 0.7 0.402
728 AC007292.3 -0.2 0.82  (0.23-2.9) 0.1 0.755
729 RAB11B.AS1 0.17 1.2  (0.963-1.46) 2.57 0.109
731 RPARP.AS1 0.13 1.1  (0.951-1.35) 1.98 0.159
732 RP11.248J18.2 0.081 1.1  (0.845-1.39) 0.41 0.522
733 RP11.73M18.7 0.017 1  (0.762-1.36) 0.01 0.909
734 MKNK1.AS1 -0.47 0.62  (0.13-2.99) 0.35 0.554
735 RP11.73M18.8 -0.024 0.98  (0.914-1.04) 0.53 0.468
736 RP11.95D17.1 -0.3 0.74  (0.424-1.29) 1.12 0.291
737 LL0XNC01.7P3.1 0.2 1.2  (0.862-1.73) 1.27 0.26
738 CTD.3092A11.2 0.14 1.1  (0.772-1.7) 0.46 0.499
739 SCARNA2 -0.017 0.98  (0.302-3.2) 0 0.978
740 GAS5.AS1 -0.11 0.89  (0.653-1.22) 0.52 0.471
741 AP000473.8 -0.51 0.6  (0.0455-7.98) 0.15 0.701
743 RP5.894A10.6 -0.012 0.99  (0.854-1.14) 0.03 0.873
744 RP11.793H13.11 0.22 1.2  (0.944-1.64) 2.42 0.12
745 RP11.258C19.7 0.032 1  (0.96-1.11) 0.74 0.389
746 HMGN3.AS1 -0.097 0.91  (0.476-1.73) 0.09 0.768
747 CAHM 0.38 1.5  (0.25-8.59) 0.18 0.671
748 RP11.326I11.5 -0.077 0.93  (0.711-1.21) 0.32 0.569
749 RP11.355F16.1 -0.082 0.92  (0.211-4.03) 0.01 0.913
750 RP11.348N5.7 -0.25 0.78  (0.393-1.55) 0.51 0.476
751 RP5.1092A3.4 0.07 1.1  (0.767-1.5) 0.17 0.681
752 RP11.373D23.2 -0.023 0.98  (0.911-1.05) 0.4 0.528
753 TSIX -4.9 0.0073  (4.27e-11-1250000) 0.26 0.611
754 RP1.142L7.9 -0.38 0.68  (0.202-2.32) 0.37 0.542
755 YTHDF3.AS1 0.033 1  (0.825-1.29) 0.08 0.773
756 RP11.355B11.2 0.016 1  (0.715-1.44) 0.01 0.93
757 RP11.2E11.9 -0.038 0.96  (0.766-1.21) 0.11 0.743
758 LPP.AS2 0.19 1.2  (0.502-2.89) 0.17 0.678
759 RP11.379H18.1 0.37 1.4  (1.16-1.79) 11.2 0.000837
760 RP11.171I2.4 -0.2 0.81  (0.306-2.17) 0.17 0.682
761 RP11.394I13.2 0.21 1.2  (0.802-1.92) 0.94 0.334
762 RP11.138A9.1 -0.95 0.39  (0.0812-1.84) 1.42 0.233
763 RP11.1109F11.5 0.03 1  (0.534-1.99) 0.01 0.929
764 TMCC1.AS1 0.14 1.2  (0.455-2.93) 0.09 0.763
765 RP11.1109F11.3 -0.042 0.96  (0.617-1.49) 0.03 0.852
766 RP11.710C12.1 2.4 11  (0.0805-1440) 0.91 0.341
767 RP3.368A4.6 -0.011 0.99  (0.951-1.03) 0.27 0.602
768 RP11.486G15.2 0.29 1.3  (0.549-3.28) 0.41 0.52
769 LINC00936 3 20  (5.92-69.1) 23 1.61e-06
770 RP11.326I11.3 0.36 1.4  (1.04-1.98) 4.82 0.0281
771 RP11.1017G21.5 0.19 1.2  (0.974-1.51) 2.97 0.0848
772 CTD.2310F14.1 -0.18 0.83  (0.423-1.63) 0.29 0.591
773 RP11.356B19.11 0.025 1  (0.838-1.25) 0.06 0.811
774 RP11.245J9.5 -0.2 0.82  (0.513-1.31) 0.68 0.41
775 RP11.214N9.1 0.22 1.2  (0.614-2.52) 0.37 0.544
776 LINC01215 0.72 2.1  (1.16-3.66) 6.04 0.014
777 RP11.97C16.1 0.03 1  (0.935-1.14) 0.37 0.542
778 AGAP11 -1.3 0.27  (0.000249-299) 0.13 0.716
779 RP4.635E18.8 0.023 1  (0.862-1.22) 0.07 0.791
780 CTD.2287O16.5 0.65 1.9  (1.15-3.22) 6.18 0.0129
781 RP11.338I21.1 -0.36 0.69  (0.251-1.92) 0.49 0.482
782 RP11.884K10.7 -0.12 0.89  (0.654-1.2) 0.6 0.439
783 RP11.285J16.1 -0.14 0.87  (0.472-1.59) 0.21 0.643
784 CTD.3025N20.3 0.012 1  (0.839-1.22) 0.01 0.903
785 RP1.199J3.7 -0.48 0.62  (0.154-2.47) 0.46 0.496
786 KB.431C1.5 -0.042 0.96  (0.752-1.22) 0.11 0.736
787 RP11.348P10.2 -0.65 0.52  (0.26-1.05) 3.36 0.0669
788 LA16c.380H5.5 -0.068 0.93  (0.85-1.03) 2 0.157
789 RP11.250B2.6 -0.44 0.64  (0.343-1.2) 1.93 0.165
790 RP11.465B22.8 0.011 1  (0.992-1.03) 1.19 0.276
791 FGF14.AS2 0.42 1.5  (1.14-2.05) 7.94 0.00483
792 CTD.2035E11.5 0.3 1.3  (0.828-2.18) 1.43 0.232
793 NFYC.AS1 -0.0011 1  (0.66-1.51) 0 0.996
794 RP1.286D6.5 0.2 1.2  (0.905-1.65) 1.71 0.191
795 RP11.477N3.1 0.18 1.2  (0.816-1.76) 0.85 0.357
796 CASC15 -0.26 0.77  (0.392-1.5) 0.6 0.439
797 RP5.855D21.1 0.029 1  (0.729-1.45) 0.03 0.871
798 RP11.111M22.4 0.098 1.1  (0.932-1.3) 1.31 0.253
799 RP11.53O19.3 0.041 1  (0.935-1.16) 0.56 0.454
800 RP11.722E23.2 -0.16 0.85  (0.659-1.1) 1.48 0.224
801 RP1.151F17.2 0.0082 1  (0.817-1.24) 0.01 0.939
802 RP11.140I16.3 0.063 1.1  (0.779-1.46) 0.16 0.692
803 RP1.30M3.5 0.15 1.2  (0.856-1.56) 0.9 0.344
804 RP3.329A5.8 -0.33 0.72  (0.198-2.61) 0.25 0.615
805 RP11.981G7.6 -0.68 0.5  (0.204-1.25) 2.2 0.138
806 RP11.180N14.1 0.42 1.5  (0.387-5.97) 0.36 0.549
807 LINC01023 0.042 1  (0.902-1.2) 0.32 0.574
808 RP11.324L17.1 1.9 6.6  (1.73-25.2) 7.62 0.00576
809 RP11.365H22.2 0.027 1  (0.52-2.03) 0.01 0.938
811 RP11.251G23.5 -0.18 0.83  (0.338-2.06) 0.15 0.694
812 RP11.554J4.1 0.26 1.3  (0.97-1.72) 3.06 0.0803
813 MAGI1.IT1 -1.2 0.31  (0.00474-20.2) 0.3 0.582
814 AFAP1.AS1 -0.0092 0.99  (0.952-1.03) 0.2 0.656
815 RP11.33O4.1 0.014 1  (0.914-1.13) 0.07 0.789
816 RP11.422P24.11 0.28 1.3  (0.715-2.42) 0.78 0.377
817 CTA.384D8.35 0.15 1.2  (0.929-1.46) 1.73 0.189
818 RP11.190A12.8 -0.013 0.99  (0.808-1.21) 0.02 0.896
819 RP3.508I15.21 0.071 1.1  (0.971-1.19) 1.93 0.165
821 ADIRF.AS1 0.08 1.1  (0.855-1.37) 0.44 0.509
822 RP11.378J18.8 -0.27 0.76  (0.365-1.58) 0.54 0.464
823 RP11.5C23.1 0.07 1.1  (0.825-1.39) 0.28 0.599
824 JMJD1C.AS1 -0.52 0.59  (0.213-1.66) 0.98 0.322
825 RP11.792A8.4 0.3 1.3  (0.947-1.91) 2.74 0.0978
826 RP3.428L16.2 0.096 1.1  (0.862-1.41) 0.6 0.44
827 RP11.513M16.7 0.024 1  (0.876-1.2) 0.09 0.765
828 RP11.798M19.6 0.83 2.3  (0.83-6.27) 2.56 0.11
829 LL22NC03.N14H11.1 0.36 1.4  (1.06-1.92) 5.6 0.018
830 RP11.533E19.7 0.26 1.3  (0.721-2.36) 0.77 0.38
831 RP11.330O11.3 0.38 1.5  (0.156-13.8) 0.11 0.739
832 RP11.134L10.1 -0.11 0.9  (0.364-2.21) 0.06 0.811
833 RP11.1275H24.2 0.088 1.1  (0.841-1.42) 0.43 0.51
834 CTA.390C10.10 -0.21 0.81  (0.383-1.71) 0.31 0.581
835 RP11.508N22.12 -0.96 0.38  (0.0283-5.2) 0.52 0.471
836 RP11.305K5.1 0.03 1  (0.89-1.19) 0.16 0.688
838 RP11.216L13.19 0.12 1.1  (1.01-1.27) 4.31 0.0379
839 RP11.416N2.4 -0.1 0.9  (0.653-1.25) 0.39 0.533
840 AC144652.1 0.24 1.3  (0.895-1.8) 1.78 0.182
841 RP11.127B20.2 0.061 1.1  (0.883-1.28) 0.42 0.518
842 RP11.108L7.15 0.25 1.3  (1.02-1.63) 4.57 0.0326
843 RP11.5C23.2 -0.036 0.96  (0.588-1.58) 0.02 0.886
845 CTB.119C2.1 -0.13 0.88  (0.651-1.19) 0.66 0.417
846 RP11.212P7.2 0.12 1.1  (0.691-1.85) 0.24 0.624
847 DGCR11 -0.6 0.55  (0.289-1.05) 3.31 0.0691
848 RP5.1136G13.2 0.5 1.6  (1-2.71) 3.84 0.0502
849 RP11.448A19.1 0.042 1  (0.668-1.63) 0.03 0.854
850 PAXIP1.AS1 0.07 1.1  (0.995-1.16) 3.33 0.0679
851 RP11.61L19.3 -0.13 0.88  (0.572-1.34) 0.38 0.54
852 RP11.804H8.6 0.49 1.6  (0.825-3.21) 1.98 0.16
853 RP5.1074L1.4 -0.012 0.99  (0.855-1.14) 0.02 0.876
854 RP5.1065J22.8 0.32 1.4  (0.184-10.3) 0.1 0.756
855 RP3.412A9.16 -0.048 0.95  (0.698-1.3) 0.09 0.763
856 FRMD6.AS1 1.1 3.1  (0.622-15.6) 1.91 0.167
857 LINC01138 0.16 1.2  (0.894-1.54) 1.34 0.247
858 UG0898H09 -1.2 0.29  (0.00332-25) 0.3 0.585
859 FLJ16779 0.3 1.3  (0.632-2.87) 0.6 0.439
860 FUT8.AS1 0.051 1.1  (0.543-2.04) 0.02 0.881
861 LINC00540 0.2 1.2  (1.04-1.43) 6.24 0.0125
862 LINC00869 0.038 1  (0.628-1.72) 0.02 0.882
863 TSC22D1.AS1 0.1 1.1  (0.686-1.79) 0.18 0.672
864 GLIDR 0.68 2  (0.74-5.27) 1.84 0.174
865 LINC00624 -0.13 0.87  (0.506-1.51) 0.23 0.632
866 EPB41L4A.AS2 0.33 1.4  (0.459-4.22) 0.34 0.558
867 HEIH 0.013 1  (0.952-1.08) 0.17 0.677
868 PWAR5 -0.71 0.49  (0.0773-3.15) 0.56 0.455
869 RBM12B.AS1 0.018 1  (0.778-1.33) 0.02 0.898
870 AGPAT4.IT1 -0.31 0.73  (0.256-2.09) 0.34 0.558
871 KLHL30.AS1 3.2 24  (0.000973-605000) 0.38 0.537
872 LINC01126 0.066 1.1  (0.562-2.03) 0.04 0.841
873 DNM1P41 20 7.3e+08  (7.51e-28-7.1e+44) 0.23 0.629
874 LINC01348 0.046 1  (0.711-1.54) 0.06 0.814
875 SH3PXD2A.AS1 0.053 1.1  (0.961-1.16) 1.24 0.265
876 EIF1B.AS1 0.08 1.1  (0.144-8.13) 0.01 0.938
877 LINC00294 0.14 1.1  (0.917-1.44) 1.45 0.228
878 ST3GAL4.AS1 0.19 1.2  (0.666-2.22) 0.4 0.526
879 CTBP1.AS -0.19 0.82  (0.436-1.55) 0.36 0.549
880 N4BP2L2.IT2 -0.061 0.94  (0.754-1.17) 0.3 0.585
881 TRG.AS1 0.12 1.1  (0.441-2.86) 0.06 0.808
882 NPTN.IT1 -0.13 0.88  (0.655-1.18) 0.73 0.393
883 LINC00950 -0.056 0.95  (0.312-2.86) 0.01 0.92
884 SLFNL1.AS1 -0.25 0.78  (0.288-2.11) 0.24 0.624
885 LINC00997 0.14 1.2  (0.917-1.46) 1.5 0.221
886 ARRDC3.AS1 -0.019 0.98  (0.49-1.97) 0 0.958
887 SNHG4 0.01 1  (0.918-1.11) 0.04 0.835
888 BLACAT1 0.0061 1  (0.932-1.09) 0.02 0.877
889 SEPSECS.AS1 -0.15 0.86  (0.43-1.74) 0.17 0.684
890 EBLN3 0.02 1  (0.963-1.08) 0.46 0.5
891 LINC01012 0.67 2  (0.724-5.26) 1.75 0.186
892 LINC01144 0.83 2.3  (1.03-5.15) 4.09 0.0432
